15 28 41 43 44 58
14 19 22 51 55 60
3 24 37 40 41 51
8 9 11 14 18 19
12 16 28 29 33 58
4 6 22 31 42 43
2 16 21 35 45 53
7 22 26 27 42 60
2 22 34 48 57 59
12 27 36 37 39 54
3 11 20 21 34 42
2 26 29 31 42 49
8 25 26 37 39 47
8 15 33 34 36 55
10 11 38 39 49 58
8 15 22 36 39 48
2 12 20 34 39 52
2 10 20 24 33 59
15 19 20 34 35 39
16 21 34 36 51 58
7 20 21 24 34 46
8 12 33 37 43 59
1 5 15 21 29 58
7 16 21 29 40 53
14 21 33 37 51 54
16 40 47 48 55 60
4 15 16 21 45 55
4 5 32 42 54 56
4 7 28 38 53 58
15 24 32 40 45 48
5 20 31 32 55 58
15 25 27 32 38 56
1 6 10 11 14 54
6 12 15 23 27 50
12 13 24 28 46 54
5 11 21 28 43 46
3 8 25 48 50 59
5 16 24 29 47 59
13 18 21 36 42 59
11 17 24 30 31 40
1 4 35 43 46 52
16 18 21 26 38 42
11 12 31 43 46 57
12 24 35 44 47 58
10 12 15 19 22 31
12 15 22 24 48 54
5 10 13 38 40 58
17 18 28 41 43 52
3 6 10 33 40 51
2 12 23 33 36 55
20 37 38 41 44 45
7 23 32 34 46 59
1 20 33 41 43 52
11 13 33 40 48 49
2 19 31 37 45 55
2 13 27 29 45 60
6 13 26 29 34 46
2 3 20 40 49 52
27 30 37 45 54 57
18 19 29 30 48 60
3 4 18 30 31 52
10 17 20 27 51 58
12 24 28 38 55 58
8 10 15 41 51 56
2 5 20 30 45 58
5 9 14 36 46 56
1 22 31 44 50 52
1 5 14 41 43 53
5 8 16 30 36 45
6 10 22 33 35 52
7 17 28 36 39 57
3 9 15 18 43 56
14 15 19 29 37 53
3 6 8 12 34 42
4 10 30 36 40 53
11 16 18 33 37 39
5 15 25 36 53 59
4 5 6 16 46 51
5 6 19 22 42 60
7 28 42 44 54 56
5 17 23 34 37 46
6 13 15 34 52 56
6 20 26 31 36 44
11 13 19 32 55 58
16 23 45 50 52 54
3 13 14 18 22 44
23 31 38 39 45 51
4 11 27 36 46 59
9 21 26 28 49 59
7 15 27 37 45 56
7 14 17 18 25 35
15 23 27 41 53 59
11 13 21 24 43 45
6 9 18 19 28 32
6 35 37 42 43 53
3 5 9 13 35 47
2 5 7 11 12 28
9 10 16 23 26 42
6 9 10 30 31 50
12 16 28 32 44 53
